97579.45163934646
109368.47862742482
83002.36326569843
112871.2677635604
90302.94902611284
90544.33670725054
112333.48555608203
99563.02604295581
120630.60653802428
110649.66479280441
82398.60824295394
93397.78650439036
101374.90339407024
123413.60215171824
101878.95518476101
113546.86918731446
112003.56663768324
109400.10114913573
86222.46031371164
85877.4823116207
79413.80097701267
89544.16447103822
106022.31153350299
119338.61079478994
100844.36787110365
86664.33567645735
92232.66419549838
92599.52566253839
98762.97900501416
114665.20129798436
89748.17451232899
95995.58079501019
108565.76396183971
93584.13457470523
98600.82118415312
91980.93393966886
91236.32027311533
102062.21882558925
109252.38752361898
100038.99012723524
85797.51186787785
91064.68554513229
108814.70089919418
88569.07271925357
104469.68470014413
99792.38202363905
95602.32989876391
108866.2218515928
114121.25734792836
114810.9707983136
101718.99629399908
96774.0946464167
88799.97169020282
112986.946102426
110993.12784157593
111735.80362124855
105969.98597893913
96345.09948878209
91039.13038609494
100761.44986532655
107543.50991068738
76910.79565270711
96352.9219864395
87790.58467524067
87324.25385288429
100781.3080104659
102400.61515009262
100261.05191555424
104640.28908916346
110821.69332370866
93588.01889604471
111729.80942222793
105166.62340894282
108444.50302365946
104245.05915524122
109310.36143752359
111443.01846190111
80434.94929687037
107036.51087458272
93810.47004360208
94760.30343864951
111500.93327488899
98681.27669123959
112574.8765623469
96707.9163482547
107257.1488914407
93165.17869748417
86743.34855131502
97479.75154066642
95480.80553606662
104721.10745568934
95249.94688440756
103637.24753327032
99647.83900663472
112056.7160031425
95298.7037535795
112078.48738769168
92447.1337369382
106469.69392589768
96677.8188949351
109376.65715807259
97428.49480874927
107640.45745748603
99598.8241814008
114406.73177630971
77334.22950638742
98021.74907995628
105328.21475625319
101600.04038917
111895.9319998803
115925.82802384673
98261.98948853285
82550.43458870323
111559.71962602164
101682.20636011533
103207.93044097384
105195.00071984202
97705.91721950476
89417.32430518515
105191.44004437776
91405.00873379037
105932.08788859574
95828.21637369905
107939.55126162118
122123.69764943869
105175.66844232011
110055.38690741893
94952.9601985389
101097.93386003312
102329.3863507194
96467.20753956815
109301.5889071526
110162.62494401235
97409.03736304118
84031.4349681179
110413.3212477251
86777.17720284923
104728.02143473267
106196.86334587802
83846.63617696599
110608.93962867718
105296.13378321409
108733.1858461058
110283.43518569836
108228.40779655521
99502.506459652
106642.63500810607
103110.99421408317
106902.89440170926
93400.73892658012
91983.98224245248
99317.82841315062
108108.34956929127
70292.83144878517
87328.4204858939
81620.44740119408
69608.68188903952
100843.49452317572
104441.7925155766
75807.0444258015
83186.81062206764
108241.83181103884
98411.6219164535
107320.45986036255
103117.7151011588
109483.29696967578
88061.24894615855
96711.29094374424
99280.66863388757
79989.011197663
109757.92726843398
113059.4872955615
107915.99400606744
97224.17334059435
90249.79807443701
100847.62947907444
104393.4369422523
82922.0759456533
85777.32170089339
95654.41057504065
105656.6797752687
93766.31890821905
107249.66728100738
106109.94558412395
88750.16415851629
81162.52227218256
87782.13026427745
98580.06674508908
109128.66531464057
96218.40257684061
101469.58719405325
89888.0145175053
101193.32825746927
99579.34331438868
85497.84347253654
118466.10413991981
102709.33013007244
103524.77529715688
94019.53764965922
100329.63393481074
94860.9743785494
98343.86768290201
103789.01354637374
100131.04459898759
97476.23490640837
118167.69747977227
116779.4609223937
89522.5587270131
112569.60842724534
84076.11767425403
103782.95591326298
101305.95372353824
106473.31728938875
93906.69955563058
107979.24780025544
98345.32832100468
106825.56375751812
105047.11531221026
93893.64400185904
84021.2292813101
80441.10728403206
116987.4988996886
107421.13638968399
85510.2059566794
88309.24617641588
103677.74794109567
96445.90041263429
102927.95958806502
83885.8094810787
94245.71867744505
92423.08111472822
121093.69463471095
100459.14692423354
109732.03098043965
117261.9714799313
109353.87576796427
110653.35335276842
122326.86651130777
111160.2701881339
105872.4348303714
81282.32029840461
91291.28572824421
96650.70946415092
95273.71043250065
105655.91254059284
98822.76121301354
115152.86943496924
101981.94592375516
95299.79177355877
98713.44175877918
113105.67222589011
110848.06505224491
106041.05185541125
107782.39133056525
93722.1802896368
110097.4616662826
103755.84854707874
90527.06859420247
99717.22481593932
87379.35310812083
109959.82411047221
106077.29552174381
100146.97354774088
98194.00301822243
100406.36113943734
87498.71637286281
99523.27713666725
109565.43718056784
103801.7771514409
104810.1959282975
91735.12071498796
94860.86905528868
101842.14386993203
106562.47502117271
105968.38730832854
88562.876872126
102446.85230949195
100702.06352799697
104719.57845253049
109512.527232815
99607.84948245945
105578.4186667512
99167.76710747661
73011.26616479908
95189.16007361723
105930.2526842621
89943.08648606592
87319.97759343404
79659.20530587196
96014.17282885213
93966.1549287245
124680.62103439553
106419.38373410796
102408.47811218683
112108.02565216926
108936.81596466007
83595.65538506758
97938.53425423223
92682.70004210413
92121.57349104216
106584.37009043805
117046.4957626041
114074.33747661828
93188.32387542205
105147.11988050226
71200.39056991764
91317.26323929231
83983.03502479894
113288.68803278227
114937.05117906246
103749.88175702185
105813.00595579608
93248.62255988567
76941.98004123254
94508.92115684693
108737.27437672616
101548.64084761431
95872.85621396586
95295.51899804016
100352.36666508837
116648.45495495806
100000.78031663303
103291.45814365598
90203.67260044908
95464.82657493265
88304.55627777035
110407.05934034375
112433.59664073463
116035.36998222739
77562.41745066074
93675.79910577454
114350.38969420575
100836.42020306134
105898.23140064685
95785.78782811467
109583.79088466245
94886.46440933716
99219.5812178788
98244.14289621201
86181.83291163089
110776.5145855954
96030.16258122398
110115.84179122817
89924.48398946704
111540.832548713
104051.74181388179
112499.84407797745
103351.0456525443
99955.45283013568
115589.69171759461
67942.7311560423
96022.29483540234
77975.24237108538
95413.86372153321
94302.0305406392
96260.9606239468
115687.11119103423
106028.98330271317
119874.68968898183
100012.24783211263
90509.94110791865
86604.07413510617
100547.67051603713
97477.67140437441
110016.35879944146
100984.3683276371
93120.76140511637
80433.3642913561
96645.5927064591
86174.3698333469
77675.121025735
95758.46043919289
101188.72634772382
100284.79876574512
95979.49300692075
89203.44537776012
80800.43519130477
89914.83965868477
117634.45889571607
106041.42990290002
99639.21284037633
91728.89048701205
93968.9931231648
106905.57368885928
111753.75458453267
96793.50349633998
102942.41186806477
108640.83290345459
98327.76607650702
108123.86300171966
97920.15093338215
88382.45962912244
101101.73094967807
74228.34364393778
108861.6634356356
106725.51187431108
95256.88977609682
87613.55510419937
103845.70918059097
85538.89796314576
109341.93764916025
107189.48444955889
92796.47183761833
94016.44778455685
98399.76907248741
114508.40165021841
78372.84735451234
95183.47084990978
86373.76967019353
121014.75672561045
102137.2337008414
96788.13743663832
110684.20998646617
94150.7438488571
88572.21997888098
82459.81989584905
82865.9237548282
97611.09445414008
113138.49357886708
82362.4133028619
93227.30704981119
113996.88065492509
100656.78897455914
82868.58476847905
91317.1492628732
116465.23853176746
108274.9535178838
99867.5286310636
114439.15773165667
93007.13175187317
103414.24858283412
107634.60722879932
113281.47698271535
81069.25588155621
97989.4972719522
88190.32043670288
94460.12239749642
92619.68460393
106151.90807311684
99757.4529228676
108658.20411735897
109125.09643478905
89041.98458177324
94185.23459569862
109382.7982685718
89371.41671225797
91099.1211771362
93362.35544376903
83014.90402615162
93685.13277303947
92988.94795199674
107477.42377299542
123619.44077136545
96375.96020395984
91496.62584480758
105594.87143745378
75529.91934461947
86127.01706902303
106336.27576043404
99710.21724407734
92393.97547047705
88683.15392054814
105994.01625410204
105124.40193529005
108444.88835746734
90103.69842041425
92663.0976012947
99144.72334352447
85289.94134306617
108923.24216825653
105128.3091125496
86112.51130319576
105390.08176078003
90877.65321624675
77025.43290967967
103432.25059306397
110396.89279487246
94620.42421554629
85244.50754662472
90082.75294332774
92039.35111012007
105550.30545344652
85577.8441817117
110444.575102124
97030.69069980753
94590.38284333562
105545.48735131591
95270.8073318721
90360.87333221266
113132.79375295376
111612.19356689866
92319.71452619797
118651.6783910613
105980.83750300971
104360.60581259873
93163.46018232123
86505.33452835286
109236.95718830911
100884.07673629114
94427.71672074783
97577.56877431198
111533.663404076
111407.46647022817
85797.65695343832
101998.43362406656
99677.57372495401
98081.31498949387
106226.90909090471
95205.15135219893
104196.4434692963
92718.57409800106
98595.27917654015
102931.89944345101
76363.3431420657
109318.86443478912
81952.81271660434
97161.04793248797
105062.5033079495
111921.42387980405
102241.62742349287
82991.54111144443
74055.37110167107
114025.46035418745
110430.41532346985
95707.7363135136
114167.71144127984
114486.64381693864
114829.92335075104
106864.35474543748
105554.01886065608
116084.59412842256
111770.54929399068
81595.36989754153
104900.65065664174
88980.86609321948
88123.1916350044
89984.62889989333
93347.68200359585
103571.31789627728
109244.23065815792
92593.76071647546
95044.91164803681
103602.88025316053
116834.31231280946
101941.38690092663
112126.27866375883
104111.82177522394
78744.38843790225
118804.55702105547
119272.7113317138
103728.10995681326
112993.6541857371
107599.33262015293
111169.48717159394
109775.98812446094
92909.05229256209
108710.70589388686
111732.41250808054
93072.38775640866
114501.82811488525
73818.12806781847
95689.30379842802
103303.3358537268
108688.91199366795
105946.12516256543
96007.77568614442
79608.48255829596
72992.5695789686
101710.97781481149
104785.19690596737
104247.66580232621
107421.29751877229
110614.13267859755
109136.12949457367
93435.40580444985
98615.66675576282
116742.33968401742
91833.60630836536
103354.28452102165
107181.1669676869
93054.87103290128
98599.34731085555
94542.20052715491
101912.18885825879
106388.81030745612
108428.028609504
107305.76118562488
104032.54793579174
75977.28455507825
89115.84460435767
87627.52939040275
103026.94604688317
87078.47885785496
89660.15122296783
108185.83789936993
91257.76832404674
118950.80986581044
100264.17369599377
90485.91658993912
108967.12289941056
94351.77166316252
114248.05730893083
91045.09800930788
98947.24804047748
84914.8144857192
88385.40408437737
70111.71081844205
95760.92774415818
93729.7453129157
111425.18036616413
93954.94374317025
104995.16110796004
104910.6241237372
87537.87109027803
101089.43245483769
91365.49525116163
98018.48573787863
77589.85754212922
97850.26178979197
89709.07632062459
80296.46220771979
110274.23270235959
116178.96590935261
108494.16444238808
90508.01215984364
104512.58430327804
88763.68016339905
85656.19295848865
112961.62570808372
102595.6581405242
114836.24683457345
95688.80167434613
96093.65038302116
86664.68650356485
71893.75759489012
106944.86554868787
113432.09143156107
99624.66467890523
106096.33437105463
100730.32944604702
115956.03139261092
102684.72557263516
114188.86214447995
82651.5842242316
81644.57884119007
100875.38383014384
111797.7551682041
97563.17563941395
107279.31443577951
85945.14686139234
111516.32862290114
93208.94520362804
100259.83619653492
83567.26538044651
92170.194259597
90156.48391022759
112469.29484598317
101321.07361716953
88436.66351558923
73755.53743582462
102818.07915075023
82521.78291736578
81195.72792399657
82641.13245360153
92840.17087154294
105380.72799109896
86701.13145766547
95057.58388319949
103663.99052127088
120535.5358829991
97242.10743265934
100762.31190471517
87833.7125017049
119183.16174677132
98550.77144092815
103865.69826650305
92945.1371956008
104105.63848197079
102857.63165109835
89737.98253358075
80550.00314879975
79711.36003239255
99563.97519702422
100507.00592050789
105666.55667352007
95517.05639096058
111020.07289424387
98224.4427402207
110929.64259247738
101761.37930851124
99710.27785818986
103106.52475142531
107122.10323102595
108677.13146662775
96664.29275786602
110532.4522372774
113644.3610507835
102520.88659976248
109013.90096379202
81826.76605251574
115506.02824502379
80735.08903499154
103453.42911523613
102104.40461640108
85525.03529123294
88719.5638895151
98515.13142890169
99877.02909857761
108191.35032498764
110061.80485322644
94411.73262332371
78745.23934358642
93763.35053942363
95571.28764434664
99704.97274947404
100269.48661492107
101781.7042637023
117308.52122522195
100502.07250091364
107646.05910901181
99434.41454152364
94024.03308072232
109633.17718823394
99322.91362054399
110498.66085612355
106996.53223594147
116023.77276649904
84429.67529216612
104786.91825719317
92801.17053056433
96367.21887006887
106803.37552983453
117679.71240698373
85977.72160836165
82603.8401153514
67620.44776059441
106602.83820723846
112358.36101283495
108928.57294683925
98417.21279149651
85944.30784452608
109885.21720072442
90863.44349811898
105618.31251347346
102543.41741794454
97337.41423695708
98307.6668373157
83810.8750571392
110419.0082747641
101675.35804825032
107780.62055064997
103406.60195273826
93906.24927543094
94152.60304883473
101696.82804791821
104406.8057719282
109612.55628708418
102135.96948049527
103722.3358069886
98124.48645156923
92129.05922369917
109043.58178298098
91492.7217760473
84687.33486588523
110316.9153548264
81409.42405321207
109301.86929385815
121491.98081807593
91984.45155339524
107563.97962183878
85531.59762747631
109632.3416317687
100140.71514755048
82949.16257022075
102517.43631226149
93617.92564802917
98925.3619311403
74611.12523001277
85505.0615797514
122200.7870825376
103526.79674446485
97939.09048501338
104539.2346261049
107508.42308018886
92686.81886413477
80466.03209885991
95969.24269161018
89264.68265328289
106740.05413347007
99439.07475394622
92111.03644543084
99065.92538172017
102273.7923867141
117354.03748984523
97907.89961766406
101487.12463435165
75007.19818897515
100443.22498412542
95975.09605375063
86599.62078797849
104478.23726192697
93547.88810625477
113592.54220897691
97649.55373079852
90060.45601086186
95958.69750413223
107261.87825869238
91656.14965937924
96935.6906588462
102780.65691120518
82733.78936960432
103583.2446613249
109412.90087851968
108009.50320885718
89300.54780188114
112285.13850366135
89139.86469658857
81118.18461724343
108388.87728195179
111900.0664179557
117243.31160870793
91209.34577130273
108739.12983466379
108399.2173920256
74857.4884794489
96925.18468250547
98341.86037058149
92048.1839258748
84427.53537108286
85970.59706519207
98648.27127253867
118813.84328544665
87169.97866757926
83617.13022170497
105818.53246655416
79662.72321169674
108822.60611903247
112277.7751084637
90186.60650550316
108807.8261466899
109809.9709175682
99105.47153307266
102489.10795288545
93849.64545620873
80843.12549860422
108713.04142417906
90698.53037513192
111996.73258246302
91775.07214298277
103547.59907564861
113983.6316611006
103398.66617645035
108644.2214234839
94926.4507064187
69315.59584388
108920.38969316042
115932.62598014597
88349.63157888853
108119.45307943154
106407.15351882877
119726.53775098061
111340.79155038562
100137.04777124451
100625.0948804346
71177.21324283093
112163.30156696055
74473.66870994621
97954.16065343664
105015.28255466024
99021.17320371766
100802.47605542859
110736.81252668385
87580.46657127881
84732.62065638731
84343.44682681038
106368.28270714077
91284.64757070008
106454.55270694544
95757.75405716326
114305.93315758102
96381.60934950749
107246.76158913701
102710.86954971541
85755.90412125416
99667.43604476406
84089.40017466816
110050.92886871014
91311.12153462721
93741.6841976607
115452.6756102519
119989.7269434808
104967.1066306204
116940.66418104582
110165.39288379917
79701.12527213352
107030.97929813733
113088.45511119445
103755.87448281597
96699.95230197557
97979.72405398656
94792.39739648034
111961.92800838238
104049.11497268725
99527.04293716273
102533.28072980556
94650.68665226726
93584.71712267352
109829.11628772039
95071.61456614081
116416.62350306327
99828.56613709692
104189.68319995943
108968.12213193216
96110.9167952803
95541.08935603192
101504.91579884462
105813.63020009857
103344.03905033092
104014.18682297239
108269.49068591648
94834.04429052572
109655.66258582904
97097.54816410175
91559.4774316942
106522.41955842132
106142.71656541605
111509.5381571312
108769.64770089617
97064.5264800262
98291.93598288868
96642.30933536649
111662.4553608633
91390.32616856009
115369.28813013081
98869.68646837669
99875.80592527598
100350.88199828596
115927.05430990126
93918.61506131463
99705.07433352074
81019.52326795705
109973.05894573494
107655.85840575554
102626.02349257037
105125.02454729847
89638.52955158
81154.55037757992
109175.04846090886
107663.67929557944
115339.48615319213
99184.11794568771
91044.64060786947
91004.6551099518
86904.95073686312
98665.90730152834
110139.18583834943
99770.23701882349
101914.74466816362
104129.56192162352
93925.93565717782
118576.23186583938
109329.59862768996
90125.0172776914
103531.20484791553
97888.89981712305
102937.41053880502
114320.59010714218
101340.59880869335
95582.91469054132
83418.09806292849
105888.7685185411
109678.01517114887
97399.7150200872
88219.88119868962
117105.27272870367
92459.13117252746
109627.17244992952
82786.57149473017
98537.1517334596
103974.47683289446
104407.21708935655
116407.21533202584
120297.93508891885
113768.55846187986
102694.67589482066
87929.89859006053
96218.41330488198
90794.51646539211
106089.6948501709
110770.91546792454
118040.43597610063
81126.78758133328
96735.2998079969
84979.07460592205
100344.68073043841
83388.62804424696
102088.53399517905
105996.29219724168
112716.37165490216
93059.9644323168
